function A = setup_a(r)
	%The goal is to find the stable age distribution
	%and the rate of population growth based on 
	%the known rates of birth/death for various age groups.
	
	
	%birth-rate by age
	% source:   http://www.cdc.gov/nchs/data/statab/t991x07.pdf
	% data taken from the year 1999.
	%br(i) is the chance that a woman of age (i-1) will give birth this year
	br = 1e-3*[
	0
	0
	0
	0
	0
	0
	0
	0
	0
	0
	0.9
	0.9
	0.9
	0.9
	0.9
	28.7
	28.7
	28.7
	80.3
	80.3
	111
	111
	111
	111
	111
	117.8
	117.8
	117.8
	117.8
	117.8
	89.6
	89.6
	89.6
	89.6
	89.6
	38.3
	38.3
	38.3
	38.3
	38.3
	7.4
	7.4
	7.4
	7.4
	7.4
	0.4
	0.4
	0.4
	0.4
	0.4
	0
	0
	0
	0
	0
	0
	0
	0
	0
	0
	0
	0
	0
	0
	0
	0
	0
	0
	0
	0
	0
	0
	0
	0
	0
	0
	0
	0
	0
	0
	0
	0
	0
	0
	0
	0
	0
	0
	0
	0
	0
	0
	0
	0
	0
	0
	0
	0
	0
	0
	0
	0
	0
	0
	0
	0
	0
	0
	0
	0
	0
	0
	0
	0
	0
	0
	0
	0
	0
	0];
	
	%death-rate by age
	% source:  http://www.ssa.gov/oact/STATS/table4c6.html
	% data taken for females from the year 2009.
	%dr(i) is the chance that a woman of age (i-1) will die this year
	dr = [
	0.005728
	0.000373
	0.000241
	0.000186
	0.00015
	0.000133
	0.000121
	0.000112
	0.000104
	0.000098
	0.000094
	0.000098
	0.000114
	0.000143
	0.000183
	0.000229
	0.000274
	0.000314
	0.000347
	0.000374
	0.000402
	0.000431
	0.000458
	0.000482
	0.000504
	0.000527
	0.000551
	0.000575
	0.000602
	0.00063
	0.000662
	0.000699
	0.000739
	0.00078
	0.000827
	0.000879
	0.000943
	0.00102
	0.001114
	0.001224
	0.001345
	0.001477
	0.001624
	0.001789
	0.001968
	0.002161
	0.002364
	0.002578
	0.0028
	0.003032
	0.003289
	0.003559
	0.003819
	0.004059
	0.004296
	0.004556
	0.004862
	0.005222
	0.005646
	0.006136
	0.006696
	0.007315
	0.007976
	0.008676
	0.009435
	0.010298
	0.011281
	0.01237
	0.013572
	0.014908
	0.01644
	0.018162
	0.020019
	0.022003
	0.024173
	0.026706
	0.029603
	0.032718
	0.036034
	0.039683
	0.043899
	0.048807
	0.054374
	0.060661
	0.067751
	0.075729
	0.084673
	0.094645
	0.105694
	0.117853
	0.131146
	0.145585
	0.161175
	0.17791
	0.195774
	0.213849
	0.231865
	0.249525
	0.266514
	0.282504
	0.299455
	0.317422
	0.336467
	0.356655
	0.378055
	0.400738
	0.424782
	0.450269
	0.477285
	0.505922
	0.536278
	0.568454
	0.602561
	0.638715
	0.677038
	0.71766
	0.76072
	0.806363
	0.851378
	0.893947
	];
	%now let's form a Leslie matrix
	A = zeros(120, 120);
	
	%births
	A(1,:)  =  r*br';
	%ageing & dying
	A = A + diag(1-dr(1:end-1), -1);
	%assume the same rate of dying beyond 119 years 
	A(120,120) = 1-dr(120);
end

